/home/yunkang/objaverse-xl/scripts/rendering/Armature|idle_anim_COLMAP_camera.txt
00000001 1.000000000 1.750000000 0.500000000 0.500000000 0.000000000 0.000000000 1.000000000 0.000000000 0.000000000 0.000000000 0.000000000 0.000000134 -1.000000119 0.000000277 0.000000000 1.000000119 0.000000134 2.059959173
00000002 1.000000000 1.750000000 0.500000000 0.500000000 0.000000000 0.000000000 1.000000000 0.000000000 0.000000000 0.000000000 0.000000000 0.000000134 -1.000000119 0.000000277 0.000000000 1.000000119 0.000000134 2.059959173
00000003 1.000000000 1.750000000 0.500000000 0.500000000 0.000000000 0.000000000 1.000000000 0.000000000 0.000000000 0.000000000 0.000000000 0.000000134 -1.000000119 0.000000277 0.000000000 1.000000119 0.000000134 2.059959173
00000004 1.000000000 1.750000000 0.500000000 0.500000000 0.000000000 0.000000000 1.000000000 0.000000000 0.000000000 0.000000000 0.000000000 0.000000134 -1.000000119 0.000000277 0.000000000 1.000000119 0.000000134 2.059959173
00000005 1.000000000 1.750000000 0.500000000 0.500000000 0.000000000 0.000000000 1.000000000 0.000000000 0.000000000 0.000000000 0.000000000 0.000000134 -1.000000119 0.000000277 0.000000000 1.000000119 0.000000134 2.059959173
00000006 1.000000000 1.750000000 0.500000000 0.500000000 0.000000000 0.000000000 1.000000000 0.000000000 0.000000000 0.000000000 0.000000000 0.000000134 -1.000000119 0.000000277 0.000000000 1.000000119 0.000000134 2.059959173
00000007 1.000000000 1.750000000 0.500000000 0.500000000 0.000000000 0.000000000 1.000000000 0.000000000 0.000000000 0.000000000 0.000000000 0.000000134 -1.000000119 0.000000277 0.000000000 1.000000119 0.000000134 2.059959173
00000008 1.000000000 1.750000000 0.500000000 0.500000000 0.000000000 0.000000000 1.000000000 0.000000000 0.000000000 0.000000000 0.000000000 0.000000134 -1.000000119 0.000000277 0.000000000 1.000000119 0.000000134 2.059959173
00000009 1.000000000 1.750000000 0.500000000 0.500000000 0.000000000 0.000000000 1.000000000 0.000000000 0.000000000 0.000000000 0.000000000 0.000000134 -1.000000119 0.000000277 0.000000000 1.000000119 0.000000134 2.059959173
00000010 1.000000000 1.750000000 0.500000000 0.500000000 0.000000000 0.000000000 1.000000000 0.000000000 0.000000000 0.000000000 0.000000000 0.000000134 -1.000000119 0.000000277 0.000000000 1.000000119 0.000000134 2.059959173
00000011 1.000000000 1.750000000 0.500000000 0.500000000 0.000000000 0.000000000 1.000000000 0.000000000 0.000000000 0.000000000 0.000000000 0.000000134 -1.000000119 0.000000277 0.000000000 1.000000119 0.000000134 2.059959173
00000012 1.000000000 1.750000000 0.500000000 0.500000000 0.000000000 0.000000000 1.000000000 0.000000000 0.000000000 0.000000000 0.000000000 0.000000134 -1.000000119 0.000000277 0.000000000 1.000000119 0.000000134 2.059959173
00000013 1.000000000 1.750000000 0.500000000 0.500000000 0.000000000 0.000000000 1.000000000 0.000000000 0.000000000 0.000000000 0.000000000 0.000000134 -1.000000119 0.000000277 0.000000000 1.000000119 0.000000134 2.059959173
00000014 1.000000000 1.750000000 0.500000000 0.500000000 0.000000000 0.000000000 1.000000000 0.000000000 0.000000000 0.000000000 0.000000000 0.000000134 -1.000000119 0.000000277 0.000000000 1.000000119 0.000000134 2.059959173
00000015 1.000000000 1.750000000 0.500000000 0.500000000 0.000000000 0.000000000 1.000000000 0.000000000 0.000000000 0.000000000 0.000000000 0.000000134 -1.000000119 0.000000277 0.000000000 1.000000119 0.000000134 2.059959173
00000016 1.000000000 1.750000000 0.500000000 0.500000000 0.000000000 0.000000000 1.000000000 0.000000000 0.000000000 0.000000000 0.000000000 0.000000134 -1.000000119 0.000000277 0.000000000 1.000000119 0.000000134 2.059959173
00000017 1.000000000 1.750000000 0.500000000 0.500000000 0.000000000 0.000000000 1.000000000 0.000000000 0.000000000 0.000000000 0.000000000 0.000000134 -1.000000119 0.000000277 0.000000000 1.000000119 0.000000134 2.059959173
00000018 1.000000000 1.750000000 0.500000000 0.500000000 0.000000000 0.000000000 1.000000000 0.000000000 0.000000000 0.000000000 0.000000000 0.000000134 -1.000000119 0.000000277 0.000000000 1.000000119 0.000000134 2.059959173
00000019 1.000000000 1.750000000 0.500000000 0.500000000 0.000000000 0.000000000 1.000000000 0.000000000 0.000000000 0.000000000 0.000000000 0.000000134 -1.000000119 0.000000277 0.000000000 1.000000119 0.000000134 2.059959173
00000020 1.000000000 1.750000000 0.500000000 0.500000000 0.000000000 0.000000000 1.000000000 0.000000000 0.000000000 0.000000000 0.000000000 0.000000134 -1.000000119 0.000000277 0.000000000 1.000000119 0.000000134 2.059959173
00000021 1.000000000 1.750000000 0.500000000 0.500000000 0.000000000 0.000000000 1.000000000 0.000000000 0.000000000 0.000000000 0.000000000 0.000000134 -1.000000119 0.000000277 0.000000000 1.000000119 0.000000134 2.059959173
00000022 1.000000000 1.750000000 0.500000000 0.500000000 0.000000000 0.000000000 1.000000000 0.000000000 0.000000000 0.000000000 0.000000000 0.000000134 -1.000000119 0.000000277 0.000000000 1.000000119 0.000000134 2.059959173
00000023 1.000000000 1.750000000 0.500000000 0.500000000 0.000000000 0.000000000 1.000000000 0.000000000 0.000000000 0.000000000 0.000000000 0.000000134 -1.000000119 0.000000277 0.000000000 1.000000119 0.000000134 2.059959173
00000024 1.000000000 1.750000000 0.500000000 0.500000000 0.000000000 0.000000000 1.000000000 0.000000000 0.000000000 0.000000000 0.000000000 0.000000134 -1.000000119 0.000000277 0.000000000 1.000000119 0.000000134 2.059959173
00000025 1.000000000 1.750000000 0.500000000 0.500000000 0.000000000 0.000000000 1.000000000 0.000000000 0.000000000 0.000000000 0.000000000 0.000000134 -1.000000119 0.000000277 0.000000000 1.000000119 0.000000134 2.059959173
00000026 1.000000000 1.750000000 0.500000000 0.500000000 0.000000000 0.000000000 1.000000000 0.000000000 0.000000000 0.000000000 0.000000000 0.000000134 -1.000000119 0.000000277 0.000000000 1.000000119 0.000000134 2.059959173
00000027 1.000000000 1.750000000 0.500000000 0.500000000 0.000000000 0.000000000 1.000000000 0.000000000 0.000000000 0.000000000 0.000000000 0.000000134 -1.000000119 0.000000277 0.000000000 1.000000119 0.000000134 2.059959173
00000028 1.000000000 1.750000000 0.500000000 0.500000000 0.000000000 0.000000000 1.000000000 0.000000000 0.000000000 0.000000000 0.000000000 0.000000134 -1.000000119 0.000000277 0.000000000 1.000000119 0.000000134 2.059959173
00000029 1.000000000 1.750000000 0.500000000 0.500000000 0.000000000 0.000000000 1.000000000 0.000000000 0.000000000 0.000000000 0.000000000 0.000000134 -1.000000119 0.000000277 0.000000000 1.000000119 0.000000134 2.059959173
00000030 1.000000000 1.750000000 0.500000000 0.500000000 0.000000000 0.000000000 1.000000000 0.000000000 0.000000000 0.000000000 0.000000000 0.000000134 -1.000000119 0.000000277 0.000000000 1.000000119 0.000000134 2.059959173
00000031 1.000000000 1.750000000 0.500000000 0.500000000 0.000000000 0.000000000 1.000000000 0.000000000 0.000000000 0.000000000 0.000000000 0.000000134 -1.000000119 0.000000277 0.000000000 1.000000119 0.000000134 2.059959173
00000032 1.000000000 1.750000000 0.500000000 0.500000000 0.000000000 0.000000000 1.000000000 0.000000000 0.000000000 0.000000000 0.000000000 0.000000134 -1.000000119 0.000000277 0.000000000 1.000000119 0.000000134 2.059959173
00000033 1.000000000 1.750000000 0.500000000 0.500000000 0.000000000 0.000000000 1.000000000 0.000000000 0.000000000 0.000000000 0.000000000 0.000000134 -1.000000119 0.000000277 0.000000000 1.000000119 0.000000134 2.059959173
00000034 1.000000000 1.750000000 0.500000000 0.500000000 0.000000000 0.000000000 1.000000000 0.000000000 0.000000000 0.000000000 0.000000000 0.000000134 -1.000000119 0.000000277 0.000000000 1.000000119 0.000000134 2.059959173
00000035 1.000000000 1.750000000 0.500000000 0.500000000 0.000000000 0.000000000 1.000000000 0.000000000 0.000000000 0.000000000 0.000000000 0.000000134 -1.000000119 0.000000277 0.000000000 1.000000119 0.000000134 2.059959173
00000036 1.000000000 1.750000000 0.500000000 0.500000000 0.000000000 0.000000000 1.000000000 0.000000000 0.000000000 0.000000000 0.000000000 0.000000134 -1.000000119 0.000000277 0.000000000 1.000000119 0.000000134 2.059959173
00000037 1.000000000 1.750000000 0.500000000 0.500000000 0.000000000 0.000000000 1.000000000 0.000000000 0.000000000 0.000000000 0.000000000 0.000000134 -1.000000119 0.000000277 0.000000000 1.000000119 0.000000134 2.059959173
00000038 1.000000000 1.750000000 0.500000000 0.500000000 0.000000000 0.000000000 1.000000000 0.000000000 0.000000000 0.000000000 0.000000000 0.000000134 -1.000000119 0.000000277 0.000000000 1.000000119 0.000000134 2.059959173
00000039 1.000000000 1.750000000 0.500000000 0.500000000 0.000000000 0.000000000 1.000000000 0.000000000 0.000000000 0.000000000 0.000000000 0.000000134 -1.000000119 0.000000277 0.000000000 1.000000119 0.000000134 2.059959173
00000040 1.000000000 1.750000000 0.500000000 0.500000000 0.000000000 0.000000000 1.000000000 0.000000000 0.000000000 0.000000000 0.000000000 0.000000134 -1.000000119 0.000000277 0.000000000 1.000000119 0.000000134 2.059959173
00000041 1.000000000 1.750000000 0.500000000 0.500000000 0.000000000 0.000000000 1.000000000 0.000000000 0.000000000 0.000000000 0.000000000 0.000000134 -1.000000119 0.000000277 0.000000000 1.000000119 0.000000134 2.059959173
00000042 1.000000000 1.750000000 0.500000000 0.500000000 0.000000000 0.000000000 1.000000000 0.000000000 0.000000000 0.000000000 0.000000000 0.000000134 -1.000000119 0.000000277 0.000000000 1.000000119 0.000000134 2.059959173
00000043 1.000000000 1.750000000 0.500000000 0.500000000 0.000000000 0.000000000 1.000000000 0.000000000 0.000000000 0.000000000 0.000000000 0.000000134 -1.000000119 0.000000277 0.000000000 1.000000119 0.000000134 2.059959173
00000044 1.000000000 1.750000000 0.500000000 0.500000000 0.000000000 0.000000000 1.000000000 0.000000000 0.000000000 0.000000000 0.000000000 0.000000134 -1.000000119 0.000000277 0.000000000 1.000000119 0.000000134 2.059959173
00000045 1.000000000 1.750000000 0.500000000 0.500000000 0.000000000 0.000000000 1.000000000 0.000000000 0.000000000 0.000000000 0.000000000 0.000000134 -1.000000119 0.000000277 0.000000000 1.000000119 0.000000134 2.059959173
00000046 1.000000000 1.750000000 0.500000000 0.500000000 0.000000000 0.000000000 1.000000000 0.000000000 0.000000000 0.000000000 0.000000000 0.000000134 -1.000000119 0.000000277 0.000000000 1.000000119 0.000000134 2.059959173
00000047 1.000000000 1.750000000 0.500000000 0.500000000 0.000000000 0.000000000 1.000000000 0.000000000 0.000000000 0.000000000 0.000000000 0.000000134 -1.000000119 0.000000277 0.000000000 1.000000119 0.000000134 2.059959173
00000048 1.000000000 1.750000000 0.500000000 0.500000000 0.000000000 0.000000000 1.000000000 0.000000000 0.000000000 0.000000000 0.000000000 0.000000134 -1.000000119 0.000000277 0.000000000 1.000000119 0.000000134 2.059959173
00000049 1.000000000 1.750000000 0.500000000 0.500000000 0.000000000 0.000000000 1.000000000 0.000000000 0.000000000 0.000000000 0.000000000 0.000000134 -1.000000119 0.000000277 0.000000000 1.000000119 0.000000134 2.059959173
00000050 1.000000000 1.750000000 0.500000000 0.500000000 0.000000000 0.000000000 1.000000000 0.000000000 0.000000000 0.000000000 0.000000000 0.000000134 -1.000000119 0.000000277 0.000000000 1.000000119 0.000000134 2.059959173
00000051 1.000000000 1.750000000 0.500000000 0.500000000 0.000000000 0.000000000 1.000000000 0.000000000 0.000000000 0.000000000 0.000000000 0.000000134 -1.000000119 0.000000277 0.000000000 1.000000119 0.000000134 2.059959173
00000052 1.000000000 1.750000000 0.500000000 0.500000000 0.000000000 0.000000000 1.000000000 0.000000000 0.000000000 0.000000000 0.000000000 0.000000134 -1.000000119 0.000000277 0.000000000 1.000000119 0.000000134 2.059959173
00000053 1.000000000 1.750000000 0.500000000 0.500000000 0.000000000 0.000000000 1.000000000 0.000000000 0.000000000 0.000000000 0.000000000 0.000000134 -1.000000119 0.000000277 0.000000000 1.000000119 0.000000134 2.059959173
00000054 1.000000000 1.750000000 0.500000000 0.500000000 0.000000000 0.000000000 1.000000000 0.000000000 0.000000000 0.000000000 0.000000000 0.000000134 -1.000000119 0.000000277 0.000000000 1.000000119 0.000000134 2.059959173
00000055 1.000000000 1.750000000 0.500000000 0.500000000 0.000000000 0.000000000 1.000000000 0.000000000 0.000000000 0.000000000 0.000000000 0.000000134 -1.000000119 0.000000277 0.000000000 1.000000119 0.000000134 2.059959173
00000056 1.000000000 1.750000000 0.500000000 0.500000000 0.000000000 0.000000000 1.000000000 0.000000000 0.000000000 0.000000000 0.000000000 0.000000134 -1.000000119 0.000000277 0.000000000 1.000000119 0.000000134 2.059959173
00000057 1.000000000 1.750000000 0.500000000 0.500000000 0.000000000 0.000000000 1.000000000 0.000000000 0.000000000 0.000000000 0.000000000 0.000000134 -1.000000119 0.000000277 0.000000000 1.000000119 0.000000134 2.059959173
00000058 1.000000000 1.750000000 0.500000000 0.500000000 0.000000000 0.000000000 1.000000000 0.000000000 0.000000000 0.000000000 0.000000000 0.000000134 -1.000000119 0.000000277 0.000000000 1.000000119 0.000000134 2.059959173
00000059 1.000000000 1.750000000 0.500000000 0.500000000 0.000000000 0.000000000 1.000000000 0.000000000 0.000000000 0.000000000 0.000000000 0.000000134 -1.000000119 0.000000277 0.000000000 1.000000119 0.000000134 2.059959173
00000060 1.000000000 1.750000000 0.500000000 0.500000000 0.000000000 0.000000000 1.000000000 0.000000000 0.000000000 0.000000000 0.000000000 0.000000134 -1.000000119 0.000000277 0.000000000 1.000000119 0.000000134 2.059959173
00000061 1.000000000 1.750000000 0.500000000 0.500000000 0.000000000 0.000000000 1.000000000 0.000000000 0.000000000 0.000000000 0.000000000 0.000000134 -1.000000119 0.000000277 0.000000000 1.000000119 0.000000134 2.059959173
00000062 1.000000000 1.750000000 0.500000000 0.500000000 0.000000000 0.000000000 1.000000000 0.000000000 0.000000000 0.000000000 0.000000000 0.000000134 -1.000000119 0.000000277 0.000000000 1.000000119 0.000000134 2.059959173
00000063 1.000000000 1.750000000 0.500000000 0.500000000 0.000000000 0.000000000 1.000000000 0.000000000 0.000000000 0.000000000 0.000000000 0.000000134 -1.000000119 0.000000277 0.000000000 1.000000119 0.000000134 2.059959173
00000064 1.000000000 1.750000000 0.500000000 0.500000000 0.000000000 0.000000000 1.000000000 0.000000000 0.000000000 0.000000000 0.000000000 0.000000134 -1.000000119 0.000000277 0.000000000 1.000000119 0.000000134 2.059959173
00000065 1.000000000 1.750000000 0.500000000 0.500000000 0.000000000 0.000000000 1.000000000 0.000000000 0.000000000 0.000000000 0.000000000 0.000000134 -1.000000119 0.000000277 0.000000000 1.000000119 0.000000134 2.059959173
00000066 1.000000000 1.750000000 0.500000000 0.500000000 0.000000000 0.000000000 1.000000000 0.000000000 0.000000000 0.000000000 0.000000000 0.000000134 -1.000000119 0.000000277 0.000000000 1.000000119 0.000000134 2.059959173
00000067 1.000000000 1.750000000 0.500000000 0.500000000 0.000000000 0.000000000 1.000000000 0.000000000 0.000000000 0.000000000 0.000000000 0.000000134 -1.000000119 0.000000277 0.000000000 1.000000119 0.000000134 2.059959173
00000068 1.000000000 1.750000000 0.500000000 0.500000000 0.000000000 0.000000000 1.000000000 0.000000000 0.000000000 0.000000000 0.000000000 0.000000134 -1.000000119 0.000000277 0.000000000 1.000000119 0.000000134 2.059959173
00000069 1.000000000 1.750000000 0.500000000 0.500000000 0.000000000 0.000000000 1.000000000 0.000000000 0.000000000 0.000000000 0.000000000 0.000000134 -1.000000119 0.000000277 0.000000000 1.000000119 0.000000134 2.059959173
00000070 1.000000000 1.750000000 0.500000000 0.500000000 0.000000000 0.000000000 1.000000000 0.000000000 0.000000000 0.000000000 0.000000000 0.000000134 -1.000000119 0.000000277 0.000000000 1.000000119 0.000000134 2.059959173
00000071 1.000000000 1.750000000 0.500000000 0.500000000 0.000000000 0.000000000 1.000000000 0.000000000 0.000000000 0.000000000 0.000000000 0.000000134 -1.000000119 0.000000277 0.000000000 1.000000119 0.000000134 2.059959173
00000072 1.000000000 1.750000000 0.500000000 0.500000000 0.000000000 0.000000000 1.000000000 0.000000000 0.000000000 0.000000000 0.000000000 0.000000134 -1.000000119 0.000000277 0.000000000 1.000000119 0.000000134 2.059959173
00000073 1.000000000 1.750000000 0.500000000 0.500000000 0.000000000 0.000000000 1.000000000 0.000000000 0.000000000 0.000000000 0.000000000 0.000000134 -1.000000119 0.000000277 0.000000000 1.000000119 0.000000134 2.059959173
00000074 1.000000000 1.750000000 0.500000000 0.500000000 0.000000000 0.000000000 1.000000000 0.000000000 0.000000000 0.000000000 0.000000000 0.000000134 -1.000000119 0.000000280 0.000000000 1.000000119 0.000000134 2.086302757
00000075 1.000000000 1.750000000 0.500000000 0.500000000 0.000000000 0.000000000 1.000000000 0.000000000 0.000000000 0.000000000 0.000000000 0.000000134 -1.000000119 0.000000284 0.000000000 1.000000119 0.000000134 2.112646341
00000076 1.000000000 1.750000000 0.500000000 0.500000000 0.000000000 0.000000000 1.000000000 0.000000000 0.000000000 0.000000000 0.000000000 0.000000134 -1.000000119 0.000000287 0.000000000 1.000000119 0.000000134 2.138989925
00000077 1.000000000 1.750000000 0.500000000 0.500000000 0.000000000 0.000000000 1.000000000 0.000000000 0.000000000 0.000000000 0.000000000 0.000000134 -1.000000119 0.000000291 0.000000000 1.000000119 0.000000134 2.165333509
00000078 1.000000000 1.750000000 0.500000000 0.500000000 0.000000000 0.000000000 1.000000000 0.000000000 0.000000000 0.000000000 0.000000000 0.000000134 -1.000000119 0.000000294 0.000000000 1.000000119 0.000000134 2.191677094
00000079 1.000000000 1.750000000 0.500000000 0.500000000 0.000000000 0.000000000 1.000000000 0.000000000 0.000000000 0.000000000 0.000000000 0.000000134 -1.000000119 0.000000298 0.000000000 1.000000119 0.000000134 2.218020678
00000080 1.000000000 1.750000000 0.500000000 0.500000000 0.000000000 0.000000000 1.000000000 0.000000000 0.000000000 0.000000000 0.000000000 0.000000134 -1.000000119 0.000000302 0.000000000 1.000000119 0.000000134 2.244364262
00000081 1.000000000 1.750000000 0.500000000 0.500000000 0.000000000 0.000000000 1.000000000 0.000000000 0.000000000 0.000000000 0.000000000 0.000000134 -1.000000119 0.000000305 0.000000000 1.000000119 0.000000134 2.270707846
00000082 1.000000000 1.750000000 0.500000000 0.500000000 0.000000000 0.000000000 1.000000000 0.000000000 0.000000000 0.000000000 0.000000000 0.000000134 -1.000000119 0.000000309 0.000000000 1.000000119 0.000000134 2.297051430
00000083 1.000000000 1.750000000 0.500000000 0.500000000 0.000000000 0.000000000 1.000000000 0.000000000 0.000000000 0.000000000 0.000000000 0.000000134 -1.000000119 0.000000312 0.000000000 1.000000119 0.000000134 2.323395014
00000084 1.000000000 1.750000000 0.500000000 0.500000000 0.000000000 0.000000000 1.000000000 0.000000000 0.000000000 0.000000000 0.000000000 0.000000134 -1.000000119 0.000000316 0.000000000 1.000000119 0.000000134 2.349738598
00000085 1.000000000 1.750000000 0.500000000 0.500000000 0.000000000 0.000000000 1.000000000 0.000000000 0.000000000 0.000000000 0.000000000 0.000000134 -1.000000119 0.000000319 0.000000000 1.000000119 0.000000134 2.376082182
00000086 1.000000000 1.750000000 0.500000000 0.500000000 0.000000000 0.000000000 1.000000000 0.000000000 0.000000000 0.000000000 0.000000000 0.000000134 -1.000000119 0.000000323 0.000000000 1.000000119 0.000000134 2.402425766
00000087 1.000000000 1.750000000 0.500000000 0.500000000 0.000000000 0.000000000 1.000000000 0.000000000 0.000000000 0.000000000 0.000000000 0.000000134 -1.000000119 0.000000326 0.000000000 1.000000119 0.000000134 2.428769350
00000088 1.000000000 1.750000000 0.500000000 0.500000000 0.000000000 0.000000000 1.000000000 0.000000000 0.000000000 0.000000000 0.000000000 0.000000134 -1.000000119 0.000000330 0.000000000 1.000000119 0.000000134 2.455112934
00000089 1.000000000 1.750000000 0.500000000 0.500000000 0.000000000 0.000000000 1.000000000 0.000000000 0.000000000 0.000000000 0.000000000 0.000000134 -1.000000119 0.000000333 0.000000000 1.000000119 0.000000134 2.481456518
00000090 1.000000000 1.750000000 0.500000000 0.500000000 0.000000000 0.000000000 1.000000000 0.000000000 0.000000000 0.000000000 0.000000000 0.000000134 -1.000000119 0.000000337 0.000000000 1.000000119 0.000000134 2.507800102
00000091 1.000000000 1.750000000 0.500000000 0.500000000 0.000000000 0.000000000 1.000000000 0.000000000 0.000000000 0.000000000 0.000000000 0.000000134 -1.000000119 0.000000340 0.000000000 1.000000119 0.000000134 2.534143686
00000092 1.000000000 1.750000000 0.500000000 0.500000000 0.000000000 0.000000000 1.000000000 0.000000000 0.000000000 0.000000000 0.000000000 0.000000134 -1.000000119 0.000000344 0.000000000 1.000000119 0.000000134 2.560487270
00000093 1.000000000 1.750000000 0.500000000 0.500000000 0.000000000 0.000000000 1.000000000 0.000000000 0.000000000 0.000000000 0.000000000 0.000000134 -1.000000119 0.000000348 0.000000000 1.000000119 0.000000134 2.586830854
00000094 1.000000000 1.750000000 0.500000000 0.500000000 0.000000000 0.000000000 1.000000000 0.000000000 0.000000000 0.000000000 0.000000000 0.000000134 -1.000000119 0.000000351 0.000000000 1.000000119 0.000000134 2.613174438
00000095 1.000000000 1.750000000 0.500000000 0.500000000 0.000000000 0.000000000 1.000000000 0.000000000 0.000000000 0.000000000 0.000000000 0.000000134 -1.000000119 0.000000355 0.000000000 1.000000119 0.000000134 2.639518023
00000096 1.000000000 1.750000000 0.500000000 0.500000000 0.000000000 0.000000000 1.000000000 0.000000000 0.000000000 0.000000000 0.000000000 0.000000134 -1.000000119 0.000000358 0.000000000 1.000000119 0.000000134 2.665861607
00000097 1.000000000 1.750000000 0.500000000 0.500000000 0.000000000 0.000000000 1.000000000 0.000000000 0.000000000 0.000000000 0.000000000 0.000000134 -1.000000119 0.000000362 0.000000000 1.000000119 0.000000134 2.692205191
00000098 1.000000000 1.750000000 0.500000000 0.500000000 0.000000000 0.000000000 1.000000000 0.000000000 0.000000000 0.000000000 0.000000000 0.000000134 -1.000000119 0.000000365 0.000000000 1.000000119 0.000000134 2.718548775
00000099 1.000000000 1.750000000 0.500000000 0.500000000 0.000000000 0.000000000 1.000000000 0.000000000 0.000000000 0.000000000 0.000000000 0.000000134 -1.000000119 0.000000369 0.000000000 1.000000119 0.000000134 2.744892359
00000100 1.000000000 1.750000000 0.500000000 0.500000000 0.000000000 0.000000000 1.000000000 0.000000000 0.000000000 0.000000000 0.000000000 0.000000134 -1.000000119 0.000000372 0.000000000 1.000000119 0.000000134 2.771235943
00000101 1.000000000 1.750000000 0.500000000 0.500000000 0.000000000 0.000000000 1.000000000 0.000000000 0.000000000 0.000000000 0.000000000 0.000000134 -1.000000119 0.000000376 0.000000000 1.000000119 0.000000134 2.797579527
00000102 1.000000000 1.750000000 0.500000000 0.500000000 0.000000000 0.000000000 1.000000000 0.000000000 0.000000000 0.000000000 0.000000000 0.000000134 -1.000000119 0.000000379 0.000000000 1.000000119 0.000000134 2.823923111
00000103 1.000000000 1.750000000 0.500000000 0.500000000 0.000000000 0.000000000 1.000000000 0.000000000 0.000000000 0.000000000 0.000000000 0.000000134 -1.000000119 0.000000383 0.000000000 1.000000119 0.000000134 2.850266695
00000104 1.000000000 1.750000000 0.500000000 0.500000000 0.000000000 0.000000000 1.000000000 0.000000000 0.000000000 0.000000000 0.000000000 0.000000134 -1.000000119 0.000000386 0.000000000 1.000000119 0.000000134 2.876610279
00000105 1.000000000 1.750000000 0.500000000 0.500000000 0.000000000 0.000000000 1.000000000 0.000000000 0.000000000 0.000000000 0.000000000 0.000000134 -1.000000119 0.000000390 0.000000000 1.000000119 0.000000134 2.902953863
00000106 1.000000000 1.750000000 0.500000000 0.500000000 0.000000000 0.000000000 1.000000000 0.000000000 0.000000000 0.000000000 0.000000000 0.000000134 -1.000000119 0.000000394 0.000000000 1.000000119 0.000000134 2.929297447
00000107 1.000000000 1.750000000 0.500000000 0.500000000 0.000000000 0.000000000 1.000000000 0.000000000 0.000000000 0.000000000 0.000000000 0.000000134 -1.000000119 0.000000397 0.000000000 1.000000119 0.000000134 2.955641031
00000108 1.000000000 1.750000000 0.500000000 0.500000000 0.000000000 0.000000000 1.000000000 0.000000000 0.000000000 0.000000000 0.000000000 0.000000134 -1.000000119 0.000000401 0.000000000 1.000000119 0.000000134 2.981984615
00000109 1.000000000 1.750000000 0.500000000 0.500000000 0.000000000 0.000000000 1.000000000 0.000000000 0.000000000 0.000000000 0.000000000 0.000000134 -1.000000119 0.000000404 0.000000000 1.000000119 0.000000134 3.008328438
00000110 1.000000000 1.750000000 0.500000000 0.500000000 0.000000000 0.000000000 1.000000000 0.000000000 0.000000000 0.000000000 0.000000000 0.000000134 -1.000000119 0.000000408 0.000000000 1.000000119 0.000000134 3.034672022
00000111 1.000000000 1.750000000 0.500000000 0.500000000 0.000000000 0.000000000 1.000000000 0.000000000 0.000000000 0.000000000 0.000000000 0.000000134 -1.000000119 0.000000411 0.000000000 1.000000119 0.000000134 3.061015606
00000112 1.000000000 1.750000000 0.500000000 0.500000000 0.000000000 0.000000000 1.000000000 0.000000000 0.000000000 0.000000000 0.000000000 0.000000134 -1.000000119 0.000000415 0.000000000 1.000000119 0.000000134 3.087359190
00000113 1.000000000 1.750000000 0.500000000 0.500000000 0.000000000 0.000000000 1.000000000 0.000000000 0.000000000 0.000000000 0.000000000 0.000000134 -1.000000119 0.000000418 0.000000000 1.000000119 0.000000134 3.113702774
00000114 1.000000000 1.750000000 0.500000000 0.500000000 0.000000000 0.000000000 1.000000000 0.000000000 0.000000000 0.000000000 0.000000000 0.000000134 -1.000000119 0.000000422 0.000000000 1.000000119 0.000000134 3.140046358
00000115 1.000000000 1.750000000 0.500000000 0.500000000 0.000000000 0.000000000 1.000000000 0.000000000 0.000000000 0.000000000 0.000000000 0.000000134 -1.000000119 0.000000425 0.000000000 1.000000119 0.000000134 3.166389942
00000116 1.000000000 1.750000000 0.500000000 0.500000000 0.000000000 0.000000000 1.000000000 0.000000000 0.000000000 0.000000000 0.000000000 0.000000134 -1.000000119 0.000000429 0.000000000 1.000000119 0.000000134 3.192733526
00000117 1.000000000 1.750000000 0.500000000 0.500000000 0.000000000 0.000000000 1.000000000 0.000000000 0.000000000 0.000000000 0.000000000 0.000000134 -1.000000119 0.000000433 0.000000000 1.000000119 0.000000134 3.219077110
00000118 1.000000000 1.750000000 0.500000000 0.500000000 0.000000000 0.000000000 1.000000000 0.000000000 0.000000000 0.000000000 0.000000000 0.000000134 -1.000000119 0.000000436 0.000000000 1.000000119 0.000000134 3.245420694
00000119 1.000000000 1.750000000 0.500000000 0.500000000 0.000000000 0.000000000 1.000000000 0.000000000 0.000000000 0.000000000 0.000000000 0.000000134 -1.000000119 0.000000440 0.000000000 1.000000119 0.000000134 3.271764278
00000120 1.000000000 1.750000000 0.500000000 0.500000000 0.000000000 0.000000000 1.000000000 0.000000000 0.000000000 0.000000000 0.000000000 0.000000134 -1.000000119 0.000000443 0.000000000 1.000000119 0.000000134 3.298107862
00000121 1.000000000 1.750000000 0.500000000 0.500000000 0.000000000 0.000000000 1.000000000 0.000000000 0.000000000 0.000000000 0.000000000 0.000000134 -1.000000119 0.000000447 0.000000000 1.000000119 0.000000134 3.324451447
00000122 1.000000000 1.750000000 0.500000000 0.500000000 0.000000000 0.000000000 1.000000000 0.000000000 0.000000000 0.000000000 0.000000000 0.000000134 -1.000000119 0.000000450 0.000000000 1.000000119 0.000000134 3.350795031
00000123 1.000000000 1.750000000 0.500000000 0.500000000 0.000000000 0.000000000 1.000000000 0.000000000 0.000000000 0.000000000 0.000000000 0.000000134 -1.000000119 0.000000454 0.000000000 1.000000119 0.000000134 3.377138615
00000124 1.000000000 1.750000000 0.500000000 0.500000000 0.000000000 0.000000000 1.000000000 0.000000000 0.000000000 0.000000000 0.000000000 0.000000134 -1.000000119 0.000000457 0.000000000 1.000000119 0.000000134 3.403482199
00000125 1.000000000 1.750000000 0.500000000 0.500000000 0.000000000 0.000000000 1.000000000 0.000000000 0.000000000 0.000000000 0.000000000 0.000000134 -1.000000119 0.000000461 0.000000000 1.000000119 0.000000134 3.429825783
00000126 1.000000000 1.750000000 0.500000000 0.500000000 0.000000000 0.000000000 1.000000000 0.000000000 0.000000000 0.000000000 0.000000000 0.000000134 -1.000000119 0.000000464 0.000000000 1.000000119 0.000000134 3.456169367
00000127 1.000000000 1.750000000 0.500000000 0.500000000 0.000000000 0.000000000 1.000000000 0.000000000 0.000000000 0.000000000 0.000000000 0.000000134 -1.000000119 0.000000468 0.000000000 1.000000119 0.000000134 3.482512951
00000128 1.000000000 1.750000000 0.500000000 0.500000000 0.000000000 0.000000000 1.000000000 0.000000000 0.000000000 0.000000000 0.000000000 0.000000134 -1.000000119 0.000000471 0.000000000 1.000000119 0.000000134 3.508856535
00000129 1.000000000 1.750000000 0.500000000 0.500000000 0.000000000 0.000000000 1.000000000 0.000000000 0.000000000 0.000000000 0.000000000 0.000000134 -1.000000119 0.000000475 0.000000000 1.000000119 0.000000134 3.535200119
00000130 1.000000000 1.750000000 0.500000000 0.500000000 0.000000000 0.000000000 1.000000000 0.000000000 0.000000000 0.000000000 0.000000000 0.000000134 -1.000000119 0.000000479 0.000000000 1.000000119 0.000000134 3.561543703
00000131 1.000000000 1.750000000 0.500000000 0.500000000 0.000000000 0.000000000 1.000000000 0.000000000 0.000000000 0.000000000 0.000000000 0.000000134 -1.000000119 0.000000482 0.000000000 1.000000119 0.000000134 3.587887287
00000132 1.000000000 1.750000000 0.500000000 0.500000000 0.000000000 0.000000000 1.000000000 0.000000000 0.000000000 0.000000000 0.000000000 0.000000134 -1.000000119 0.000000486 0.000000000 1.000000119 0.000000134 3.614230871
00000133 1.000000000 1.750000000 0.500000000 0.500000000 0.000000000 0.000000000 1.000000000 0.000000000 0.000000000 0.000000000 0.000000000 0.000000134 -1.000000119 0.000000489 0.000000000 1.000000119 0.000000134 3.640574455
00000134 1.000000000 1.750000000 0.500000000 0.500000000 0.000000000 0.000000000 1.000000000 0.000000000 0.000000000 0.000000000 0.000000000 0.000000134 -1.000000119 0.000000493 0.000000000 1.000000119 0.000000134 3.666918039
00000135 1.000000000 1.750000000 0.500000000 0.500000000 0.000000000 0.000000000 1.000000000 0.000000000 0.000000000 0.000000000 0.000000000 0.000000134 -1.000000119 0.000000496 0.000000000 1.000000119 0.000000134 3.693261623
00000136 1.000000000 1.750000000 0.500000000 0.500000000 0.000000000 0.000000000 1.000000000 0.000000000 0.000000000 0.000000000 0.000000000 0.000000134 -1.000000119 0.000000500 0.000000000 1.000000119 0.000000134 3.719605207
00000137 1.000000000 1.750000000 0.500000000 0.500000000 0.000000000 0.000000000 1.000000000 0.000000000 0.000000000 0.000000000 0.000000000 0.000000134 -1.000000119 0.000000503 0.000000000 1.000000119 0.000000134 3.745948792
00000138 1.000000000 1.750000000 0.500000000 0.500000000 0.000000000 0.000000000 1.000000000 0.000000000 0.000000000 0.000000000 0.000000000 0.000000134 -1.000000119 0.000000507 0.000000000 1.000000119 0.000000134 3.772292376
00000139 1.000000000 1.750000000 0.500000000 0.500000000 0.000000000 0.000000000 1.000000000 0.000000000 0.000000000 0.000000000 0.000000000 0.000000134 -1.000000119 0.000000510 0.000000000 1.000000119 0.000000134 3.798635960
00000140 1.000000000 1.750000000 0.500000000 0.500000000 0.000000000 0.000000000 1.000000000 0.000000000 0.000000000 0.000000000 0.000000000 0.000000134 -1.000000119 0.000000514 0.000000000 1.000000119 0.000000134 3.824979544
00000141 1.000000000 1.750000000 0.500000000 0.500000000 0.000000000 0.000000000 1.000000000 0.000000000 0.000000000 0.000000000 0.000000000 0.000000134 -1.000000119 0.000000517 0.000000000 1.000000119 0.000000134 3.851323128
00000142 1.000000000 1.750000000 0.500000000 0.500000000 0.000000000 0.000000000 1.000000000 0.000000000 0.000000000 0.000000000 0.000000000 0.000000134 -1.000000119 0.000000521 0.000000000 1.000000119 0.000000134 3.877666712
00000143 1.000000000 1.750000000 0.500000000 0.500000000 0.000000000 0.000000000 1.000000000 0.000000000 0.000000000 0.000000000 0.000000000 0.000000134 -1.000000119 0.000000525 0.000000000 1.000000119 0.000000134 3.904010296
00000144 1.000000000 1.750000000 0.500000000 0.500000000 0.000000000 0.000000000 1.000000000 0.000000000 0.000000000 0.000000000 0.000000000 0.000000134 -1.000000119 0.000000528 0.000000000 1.000000119 0.000000134 3.930353880
